6
4
neutral
happiness
anger
sadness
surprise
fear
0.96 0.86 0.85 0.98 0.96 0.95 0.98 
1.02 0.91 0.86 0.98 0.96 0.98 0.97 
1.07 0.87 0.87 0.94 1.00 0.97 1.02 
1.05 0.75 0.94 0.97 0.94 1.04 0.98 
1.01 0.87 1.06 1.31 2.14 1.28 1.11 
1.09 0.80 0.95 1.33 2.06 1.27 1.09 
1.12 0.74 0.90 1.31 2.09 1.20 1.09 
1.08 0.82 0.89 1.26 1.98 1.25 1.06 
0.78 1.19 1.82 0.99 1.00 0.98 1.06 
0.80 1.25 1.88 0.99 0.99 0.98 1.08 
0.99 0.99 0.86 1.03 1.03 1.00 1.00 
0.79 1.11 1.87 0.94 0.96 0.97 1.09 
1.01 1.54 1.68 0.84 0.75 1.07 1.09 
1.08 1.38 1.40 0.86 0.74 1.05 1.09 
1.06 1.40 1.33 0.86 0.81 1.03 1.01 
1.17 1.76 1.18 0.70 0.66 1.15 1.21 
1.35 1.50 0.97 0.79 0.74 1.51 1.12 
1.31 0.97 1.06 0.88 0.87 1.48 1.00 
1.31 0.84 1.00 0.88 0.87 1.48 1.04 
1.31 1.12 0.98 0.93 0.91 1.51 1.04 
1.24 0.72 0.84 0.98 0.85 1.44 0.95 
1.14 0.65 0.78 0.98 0.94 1.47 0.90 
1.14 0.67 0.79 0.96 1.09 1.48 0.91 
1.16 0.69 0.71 1.08 1.06 1.47 0.87 
